171 mnnx nolllllllll ET nullon.

11113111311313113· ,3111111111111111111 11)1 ,11111111311111111111111113111111111111111171
11,111,311311,111, 111,’111,311,3111,11,111,111, 11111,11,311-111,11 11111 111111 lentur, 1111,
1111111111 umnnqnn 1111111111 n 1111111 11111111 117· ,31111113111111111111111111111111111111111111
1111111311,131,331,131, 1111111111 Ganymedis 11 111, 1111, 37311111 Trnlnnninnrlnem 111111 11111
31111 111111 ,1111111111 11111111 nn lulqurnnn 1111111111 ,11111133

111111111111111111111111111111111 1,,111,1,,111111111111 11111, 1,111,,11,111
111,111,,,,,,111111111111,1,11,111,111,’,1111 111,111,,,111111131,111111111111’, 1111

11111111,”’301,313,331,335,313,1111111111111111111, 308·,13,37,131,31,131,3111,3,11111,333, 1113,
311111. 1111111111, ex olympo 1111113313, 331,·3111 338. 311. Ἠώς.

'unum 1111111111 1111111111, 181, 11111111 1111)111,111,11,3,11111,,11,111111, 11111111 3111111111 1111111 ,111111
373,331,101·111111113(1131111111111111111115131), 1111111131133,3,333,11,133.

113, 1111,33,111111111111111111111111111111131111111111’11,,111,η,,(11111111111111111)111)111 11111111 nacula·
1111111111111131131,103,·130111111 1111111111 111111 1111111111111 nnnrypyn 11,,111111111111111,
olym 1111 111 1111111,1,111111110)1111113111111111 111111, 31,131.

donn 1111111111 11 1111111111111111111111’11,1111,,11,11111111,1,131),11111111111111111
,1110111111 1131111111 111111 sn 1111111111 1111111111, 1111111111 01111111 11111 1111111111 1111 ln 31111111
111111, 111, 111, 111, xm, 111, 111, 1111111 ,11111111111111,113,11111111 1111111111 1111
1111111 311 111 1111311113, ’113111 arce, 1311, 313, 13011113- plns, 110, ,111111Ιί1 13 nnnnnnlnnnnlnrnbninnvnnt, 133,
111 111,, 1. 1. 01111111 311111), 313, 333,1113, 70, 100, 11111111 1111111, 11 qna 11111111 3111 11111311111, 111,
113, 111, 111, 11111111,1,11,111,1111 1111111111 nb 733,13, 1311111111 nno· 1111111113111111 11111
11111 ,1111111111 eum 1111111111 111, 1111111111 111111, 113, 11111111 11111111, 311,11111111111111 1111111111, qun
133113, 151, 130, 133, 131, 310, 330, 333, 1111111 11111111111113,1-38, 380, 311, 133,117,111111111111
magno nqnnn 1111111311 anlunnn 1111111111 11111- 11111 1111, 111,333,1,1111111 1111111111 1111111111 plm-
1111 3111111 31111111111111111111111, 333, 373. 111111, qun 11ιί1111111 1111111 (1111 1111113131.
3111111, 111, 3111111111 1111111, 111, 703, ,11111 1111111111 1111111 11 7111111 1111111111 11111111 1111111111 1111
1111111111 l‘ndnrge 1111111731 11113111, 133, 13, 80, 11111111, 1113, 10, 33. 'll πέτρη 3111111111, 111111
333,1111113111,1111111111111111111,370,1111,103 1111111111 1,,111111111111111131,11,11,-·11,1111,
(1111111.) ,11 1111111111,111,,13,111,111,113,1111,
Ζίχκ,1111111111,1>111)1,111113111111111111,11,113.111333111133331

3111,, Troianus, 111 111111 3111113111 1111111111, 111, lqun3 531111, 111,, 11311, 111,, lum lilius, 1311111111,

’,111,1311111311,1,13,11111111111111111131111111,11,
Η. 113 11111. 131,133, Memnonem lilium nb 1111111111 111·

’3311,11,111,1,11;1,111;11111111111111111 13·13311113111111113111111111111

Quum mmmm dmum mmmm v Μ 6²9, soelo 11163118, 549, 59³ fldfin.,63⁰9 6⁴¹3 AEffiioffl m
3111, 11, 1111111 nnn 1111111, x', ³⁹³7. ’ ’ 31,) wlff “ffflffil ww ,33Μῇ
m’m’ ¹) ΡΜ* 'm’ ΜΝ* ⁰³¹⁰¹¹¹¹¹⁹ ΡΜ 1131) ⁶⁸3 131· 391111· vl l· xquss’w nsqq.¹,111,nn ’
ΑΜΙοω311131,311111331113111111,1,93,ΙΙΙ,513;13,133, ’ ' ¹ ' ⁹ ’ ⁹ ’ ⁹
31311111, 33131113, 130. 1) 31111111, quem 31111 11· θ,
311111 1111111111 31, 333.
31111111, m, 31111111 1111111111111111111, 113, 11111, 633111, nolanus, 1111111111 11111111111,11,333.
133. 311. Ἀνδρομάχη. θά).111,,1111111111111,1,111 1111111111 11111111111111 ·
3111111111, nl, (1111111111 1111111) 3111111111 11111, ,1011311111 11111, 1111, 333.
1111111111 11111111, 111 11111111 1111 111, 11111, 313 θάνατος, 1, (11111), 31111111111111 noepnqnnmgrmn·
sqq. 1111,1, 313, ln 11111111 11111 11111111, 3, 33.
mnan, nl, 111111111,3111131111,11111111111 11111111 nn θιανω, 111101111111111111)Τ111111 11111111, 11111111·
1111111111, 11, 33111111 ln nnqnnm 1111111111 11111, 1111111, l, 113 sqq
’11111,31,,1,311111111111111111,13,131.θ,,,11,11,,αν,1,, 031110111111111333113, 1, 333.
’111111111131111111311111111111111 11, 331, 111, 731, θέμις, nnnc, 31111111111, 7331111111 ,11111111 Po
1113, 331. 111 111111,13,111,3111,73,,11 1111 1311111111
3111111111,111,,Α1,1111111 ,111111 31311111 nympha, 111, ,11,,1111111111111111111 lnam 1111111 11 1111111111
1111111113 ,1111111111 303111,11111, 333, 333.
3111131111, 11111 3111111111, 31, 171. 3111131111, ἠ, 111 1111111111,11111 num Pnnlhnsllnn
’1111111111111111111111311)111111111111111111,1,303,3111111 1111111111,13,1111111111111111111, 331.
11,171,111,711,111111111111111 111111 3111111111 1111111311, nme, 3, Ponti (31111111,11)011111,11111
11111111113117, 118,111111111111111111111 111 Amazones molanum 18
3111111111111111111 OEln 1111111, 3, 61311 111,, 1111 3111113111111, ,111111111Ιὶ 1111111111, x, 33.
111,,,1111111311111111111,31,111,117,111,3111,,11,1,1111,17711113311111711ψ
1111 11111111 11 31111111 11111 1111111, 133303111330- nb 1111111 1111111111111111 ,11111711 111,,111 dn
331171133,301,371,111111111 111111 centauros 111 111111 (111111 ,1111111311 solun 1111111111 111-
1111111311108311111111111111111111111111111· 1111111,733,7,71 11111111 1111111111 mortula 11111-
311111 1111111, 131, ·,11111111 quem 1111111111 dedit, 111, 333 sqq
lpse 1131111111 ,111, 337· ,11, 173101. 311111, 111,,1)311)1111,111111)11311111111111 111111·
Ἥρη, ης, luno, A'polllnnm 1111131111 11111311 nnnc 111, 11111, 111, 333. 3) ,11111 011111111131, 17, 38.
31133, 137· ,pont 11111311 11111111 lovem 111111111,θ111,,131,,1311111,111111111 1111111, 1311111111 11111111 nx·
qnod Troianorum 1111113111 lavent, 13,18111.,111111 11111113111111111, 11111131 1111111111 3111111, 11,437·
ln Olympum 1111111, 3, 307,113111111111111111131 111133,113,1>1111111)11,111,131, 103, 1111111111

 

